HN|CLINIC|DATEOPD|TIMEOPD|SEQ|UUC|DETAIL|BTEMP|SBP|DBP|PR|RR|OPTYPE|TYPEIN|TYPEOUT
0305935|01|20240525|0103|670525010333|1||||||||1|1
0225459|01|20240525|0104|670525010442|1||||||||1|1
0206150|01|20240501|0210|670501021017|1||||||||1|1
0172023|01|20240501|0211|670501021137|1||||||||1|1
0075170|01|20240501|0719|670501071936|1|Case Gout,HT  มาตามนัด|36.5|9.99|9.99|9.99|9.99||2|1
0092351|01|20240501|0720|670501072002|1|Case UTI มาตามนัด

U/S KUB
IMPRESSION: 
- Normal parenchyma of both kidneys with normal size is detected.
- No gross KUB stone is detected.

- NOTE: Review KUB film on 05/02/2024; The group of calcifications at right pelvic cavity looks like popcor|36.6|9.99|9.99|9.99|9.99||2|1
0079803|02|20240501|0720|670501072037|1|Case abscess  Rt foot  มาตามนัด|36.6|9.99|9.99|9.99|9.99||2|1
0161839|01|20240501|0726|670501072602|1|Case Stroke มาตามนัด|36.6|9.99|9.99|9.99|9.99||1|1
0018008|11|20240501|0729|670501072930|1|มาอุดฟันบนขวา|36.1|9.99|9.99|9.99|9.99||1|1
0267328|02|20240501|0731|670501073116|1|case breast cyst มา u/s ตามนัด ขอฟังผล u/s วันนี้|36.6|9.99|9.99|9.99|9.99||2|1
0331947|11|20240501|0740|670501074054|1|มาถอนฟัน|36.1|9.99|9.99|9.99|9.99||1|1
0177920|02|20240501|0804|670501080421|1|รอยช้ำต้นขาซ้าย 1 ชม ก่อนมา|36.5|9.99|9.99|9.99|9.99||1|1
0120436|23|20240501|0827|670501082717|1||||||||1|1
0374935|07|20240501|0901|670501090108|1|case S/P P+I  (RE) นาน 1 เดือน มองชัดขึ้น  ไม่ขัดเคือง|36.7|9.99|9.99|9.99|9.99||1|1
0188451|09|20240501|0905|670501090536|1|เครียด นอนไม่หลับ เป็นมาเรื่อยๆ 4 ปี|36.8|9.99|9.99|9.99|9.99||1|1
0235786|09|20240501|0907|670501090726|1|วิตกกังวล เป็นมากช่วงสอบ เป็นมาเรื่อยๆ 4 ปี|36.8|9.99|9.99|9.99|9.99||1|1
0021126|01|20240501|0908|670501090829|1|case DM, HT  มาตามนัด|36.9|9.99|9.99|9.99|9.99||2|1
0103580|18|20240501|0933|670501093330|1|ปวดเอว 2 ข้าง|37.0|9.99|9.99|9.99|9.99||1|1
0099621|18|20240501|0933|670501093355|1|ปวดหลัง 2 ข้าง|37.0|9.99|9.99|9.99|9.99||1|1
0373980|11|20240501|0936|670501093605|1|เสียวฟันบนซ้าย|36.1|9.99|9.99|9.99|9.99||1|1
0190035|01|20240501|0957|670501095747|1|Case BPH มาตามนัดU/S|36.5|9.99|9.99|9.99|9.99||2|1
0373980|02|20240501|1025|670501102509|1|ก้อนที่แขนซ้าย 2ปี|36.6|9.99|9.99|9.99|9.99||1|1
0092351|04|20240501|1042|670501104212|1|รับconsult จาก OPD MED เรื่อง uterine fibroid|36.6|9.99|9.99|9.99|9.99||1|1
0299582|05|20240501|1052|670501105207|1|case VSD  ญาติมารับยาแทน|0.0|0.00|0.00|0.00|0.00||1|1
0296092|02|20240501|1305|670501130511|1|ก้อนที่แขน+ต้นขาซ้ายมา 1ปี|36.9|9.99|9.99|9.99|9.99||1|1
0031925|11|20240501|1312|670501131235|1|มาตามนัดฟันปลอม|36.1|9.99|9.99|9.99|9.99||1|1
0254947|01|20240501|1546|670501154657|1|Case DLP ,HT มาตามนัดแพทย์นัด F/U Lab|36.8|9.99|9.99|9.99|9.99||2|1
0163317|11|20240501|1617|670501161710|1|มาอุดคอฟัน|36.1|9.99|9.99|9.99|9.99||1|1
0155237|20|20240501|1623|670501162337|1|มือบวม เป็นมา 2 วัน|36.9|9.99|9.99|9.99|9.99||1|1
0216859|11|20240501|1628|670501162832|1|มาอุดฟันข้างล่างซ้าย|36.0|9.99|9.99|9.99|9.99||1|1
0259116|17|20240501|1630|670501163019|1||||||||1|1
0280487|11|20240501|1631|670501163101|1|มาตรวจฟัน|36.0|9.99|9.99|9.99|9.99||1|1
0088433|01|20240501|1632|670501163253|1|Case HT มาตรวจตามนัด|36.7|9.99|9.99|9.99|9.99||2|1
0123735|17|20240501|1647|670501164746|1||||||||2|1
0302149|20|20240501|1735|670501173519|1|เช้านี้ไข้ ปวดศีรษะ  ไอ แห้งๆน้ำมูกใส  กินยาไม่ดีขึ้น|37.5|0.00|0.00|9.99|9.99||1|1
0305935|01|20240502|0104|670502010455|1||||||||1|1
0101407|01|20240502|0105|670502010519|1||||||||1|1
0080049|01|20240502|0107|670502010700|1||||||||1|1
0225459|01|20240502|0107|670502010731|1||||||||1|1
0023881|01|20240502|0107|670502010756|1||||||||1|1
0171523|01|20240502|0720|670502072002|1|case DM,HT มาตามนัด|36.6|9.99|9.99|9.99|9.99||2|1
0161848|01|20240502|0731|670502073159|1|มารับยาตามนัดคลินิกเบาหวาน DTX=149 mg รอบเอว90  ซม.ปัญหาจิตสังคม ระดับ 0|37.0|9.99|9.99|9.99|9.99||2|1
0074286|01|20240502|0732|670502073244|1|Case RA. มาตามนัด|36.6|9.99|9.99|9.99|9.99||2|1
0369018|01|20240502|0739|670502073921|1|มาตามนัด|36.6|9.99|9.99|9.99|9.99||2|1
0138366|01|20240502|0743|670502074354|1|มารับยาตามนัดคลินิกเบาหวาน DTX=141 mg รอบเอว 110 ซม.ปัญหาจิตสังคม ระดับ 0|37.0|9.99|9.99|9.99|9.99||2|1
0195810|17|20240502|0746|670502074658|1|มาตามนัด|36.5|9.99|9.99|9.99|9.99||2|1
0262625|01|20240502|0747|670502074723|1|Case Muscle strain มาตามนัด|36.5|9.99|9.99|9.99|9.99||2|1
0237576|01|20240502|0755|670502075510|1|Case bell palsy มาตามนัด|36.6|9.99|9.99|9.99|9.99||2|1
0172340|17|20240502|0759|670502075943|1|มาตามนัด|36.5|9.99|9.99|9.99|9.99||2|1
0120436|23|20240502|0823|670502082328|1||||||||1|1
0176013|11|20240502|0839|670502083944|1|มาอุดฟัน|36.0|9.99|9.99|9.99|9.99||1|1
0378448|09|20240502|0911|670502091126|1|แพทย์นัด F/U ติดตามอาการ|0.0|9.99|9.99|9.99|9.99||2|1
0177975|01|20240502|0924|670502092446|1|ไข้ ไอมีเสมหะเจ็บคอ 2วัน|38.1|9.99|9.99|9.99|9.99||1|1
0235643|18|20240502|1038|670502103840|1|ปวดส้นเท้า 2 ข้าง|37.0|9.99|9.99|9.99|9.99||1|1
0074814|11|20240502|1310|670502131012|1|มาตามนัด|36.1|9.99|9.99|9.99|9.99||1|1
0237576|18|20240502|1435|670502143503|1|Case bell palsy ชาใบหน้าและตามัวข้างซ้าย|37.0|9.99|9.99|9.99|9.99||1|1
0360021|02|20240502|1439|670502143920|1|ปัสสาวะมีเลือดปน 2 วัน|36.6|9.99|9.99|9.99|9.99||1|1
0163317|11|20240502|1621|670502162109|1|มาทำฟันเพื่อทำฟันปลอม|36.7|9.99|9.99|9.99|9.99||1|1
0159880|20|20240502|1907|670502190749|1|ปวดท้อง ถ่ายเหลว 10 ครั้ง อาเจียน 10 ครั้ง เป็นมา 4 ชม.|36.8|9.99|9.99|9.99|9.99||1|1
0206150|01|20240503|0107|670503010746|1||||||||1|1
0172023|01|20240503|0108|670503010821|1||||||||1|1
0008021|01|20240503|0720|670503072047|1|Case HT มาตรวจตามนัด|36.7|9.99|9.99|9.99|9.99||2|1
0177806|01|20240503|0722|670503072258|1|Case SLE มาตามนัด|36.6|9.99|9.99|9.99|9.99||2|1
0161192|01|20240503|0723|670503072349|1|case DM+HT มาตามนัด|36.7|9.99|9.99|9.99|0.00||2|1
0119157|01|20240503|0728|670503072831|1|case R/O Lung mass มาตรวจตามนัดฟังผล CT|36.6|9.99|9.99|9.99|9.99||2|1
0305879|05|20240503|0817|670503081712|1|case CS A2A Bart HbH มาติดตามอาการตามนัด บอกไม่เหนื่อย ไม่มีไข้Sat 98 %|36.5|9.99|9.99|9.99|9.99||2|1
0266230|06|20240503|0821|670503082106|1|case presbycusis  มา  FIT  HA  ตามนัด|36.9|9.99|9.99|9.99|9.99||2|1
0120436|23|20240503|0824|670503082423|1||||||||1|1
0212772|07|20240503|0835|670503083520|1|ตาซ้ายมัวมา 5 ปี  มาตามนัด ( คัดกรองจอประสาทตา )/พว กรรณิกา|36.7|9.99|9.99|9.99|9.99||1|1
0237576|17|20240503|0908|670503090847|1||||||||1|1
0164746|06|20240503|0911|670503091143|1|ปวดหูซ้ายมา 4  วัน|36.6|9.99|9.99|9.99|9.99||1|1
0074814|06|20240503|0913|670503091310|1|case s/p BTE   มาตรวจ Check up ครั้งที่ 2  ใช้ได้ยินดี / นุชมณี RN|36.9|9.99|9.99|9.99|9.99||2|1
0277327|08|20240503|0916|670503091623|1|ญาติมารับยาแทน|0.0|0.00|0.00|0.00|0.00||2|1
0047595|01|20240503|0924|670503092435|1|case Acute bronchitisมาตามนัด|36.7|9.99|9.99|9.99|9.99||2|1
0005542|08|20240503|1008|670503100808|1|ปวดบวมเท้าซ้าย 20วัน ก่อนมา รพ.|36.5|9.99|9.99|9.99|9.99||1|1
0379338|11|20240503|1015|670503101548|1|ทันตแพทย์แนะนำรักษารากฟัน|36.5|9.99|9.99|9.99|9.99||1|1
0379358|01|20240503|1054|670503105414|1|7 วัน มีไข้บางวัน ปัสสาวะกระปริด กระปอย   วันนี้ปัสสาวะออกเป็นหยด   ๆ|36.7|9.99|9.99|0.00|9.99||1|1
0099621|18|20240503|1136|670503113635|1|กล้ามเนื้อแขนขาซีกขวาอ่อนแรง|37.0|9.99|9.99|9.99|9.99||1|1
0012064|18|20240503|1303|670503130351|1|ปวดขา2ข้าง|0.0|9.99|9.99|9.99|9.99||1|1
0040885|18|20240503|1304|670503130423|1|ปวดบ่าไหล่ 2ข้าง|0.0|9.99|9.99|9.99|9.99||1|1
0045825|01|20240503|2213|670503221348|1|เวียนศรีษะ ถ่ายเหลว 15 นาทีก่อนมา|37.1|9.99|9.99|9.99|9.99||1|1
0119631|01|20240503|2228|670503222835|1||||||||1|1
0305935|01|20240504|0224|670504022414|1||||||||1|1
0225459|01|20240504|0225|670504022550|1||||||||1|1
0120436|23|20240504|0810|670504081021|1||||||||1|1
0271630|01|20240504|2313|670504231356|1||||||||1|1
0120436|23|20240505|0835|670505083516|1||||||||1|1
0281136|20|20240505|1326|670505132639|1|ไข้ ไอ เจ็บคอ  น้ำมูกใส เป็นมา 1 วัน
ให้กินยา Paracetamol syr 2 ชช. เวลา 13.35 น.|39.3|9.99|9.99|9.99|9.99||1|1
0138517|20|20240505|1509|670505150940|1|ปวดบวมนิ้กลางมือขวา มีหนองซึม  เป็นมา 2 วัน|36.6|9.99|9.99|9.99|9.99||1|1
0280501|01|20240505|1729|670505172930|1|ไข้  2 วัน|38.4|9.99|9.99|9.99|9.99||1|1
0120436|23|20240506|0826|670506082650|1||||||||1|1
0140227|18|20240506|0857|670506085723|1|ปวดหลัง 2 ข้าง|37.0|9.99|9.99|9.99|9.99||1|1
0100617|18|20240506|0859|670506085950|1|ปวดหลัง 2 ข้าง|37.0|9.99|9.99|9.99|9.99||1|1
0060805|20|20240506|0922|670506092259|1|ไข้ ไอ มีน้ำมูก  เป็นมา 7 วัน|36.7|9.99|9.99|9.99|9.99||1|1
0026553|20|20240506|0923|670506092340|1|ไข้ ไอ มีน้ำมูก เป็นมา  7 วัน|37.0|9.99|9.99|9.99|9.99||1|1
0224392|18|20240506|1033|670506103340|1|ปวดบ่า 2 ข้าง|37.0|9.99|9.99|9.99|9.99||1|1
0245465|17|20240506|1302|670506130246|1||||||||1|1
0040885|17|20240506|1303|670506130355|1||||||||1|1
0206150|01|20240506|1311|670506131126|1||||||||1|1
0172023|01|20240506|1312|670506131227|1||||||||1|1
0305935|01|20240507|0101|670507010158|1||||||||1|1
0101407|01|20240507|0102|670507010223|1||||||||1|1
0080049|01|20240507|0103|670507010352|1||||||||1|1
0225459|01|20240507|0104|670507010419|1||||||||1|1
0023881|01|20240507|0104|670507010445|1||||||||1|1
0101407|01|20240507|0218|670507021831|1||||||||1|1
0068192|01|20240507|0717|670507071717|1|มารับยาคลินิก HTมาเจาะเลือด FBS,BUN,Cr,Electrolyte, LDL ,HbA1c   ตามแพทย์นัดและรับยาต่อเนื่อง F/U 3เดือน  รอบเอว   76    ซม.|36.6|9.99|9.99|9.99|9.99||2|1
0074644|01|20240507|0717|670507071737|1|Case DLP มาตามนัดเพื่อติดตามอาการ|36.6|9.99|9.99|9.99|9.99||2|1
0368273|02|20240507|0719|670507071925|1|case Minimal SDH with SAH มาตรวจตามนัด|36.6|9.99|9.99|9.99|9.99||2|1
0235022|01|20240507|0720|670507072025|1|Case TIA มาตามนัด|36.6|9.99|9.99|9.99|9.99||2|1
0080900|01|20240507|0727|670507072714|1|Case DM,CKDมาขาดนัด|36.5|9.99|9.99|9.99|9.99||1|1
0271589|02|20240507|0737|670507073759|1|ออกแสบออกร้อนท้อง  2  วัน|36.6|9.99|9.99|9.99|9.99||1|1
0239805|02|20240507|0816|670507081600|1|ปวดจุกแน่นท้อง เป็นมา  1 เดือน|36.7|9.99|9.99|9.99|9.99||1|1
0120436|23|20240507|0835|670507083533|1||||||||1|1
0368273|11|20240507|1004|670507100429|1|รับ Consult จากแผนกศัลยกรรม|36.6|9.99|9.99|9.99|9.99||1|1
0046575|04|20240507|1258|670507125805|1|case Folliculitis at Lt. perineum มาตามนัด|36.5|9.99|9.99|9.99|9.99||2|1
0012064|18|20240507|1301|670507130155|1|ปวดขา 2 ข้าง, นาวา|37.0|9.99|9.99|9.99|9.99||1|1
0040885|18|20240507|1302|670507130231|1|ปวดต้นคอ บ่า 2 ข้าง, อรสา|37.0|9.99|9.99|9.99|9.99||1|1
0219534|11|20240507|1645|670507164538|1|มีอาการปวดบวมหลังถอนฟัน|36.0|9.99|9.99|9.99|9.99||1|1
0021121|17|20240507|1651|670507165121|1||||||||1|1
0217976|17|20240507|1726|670507172617|1||||||||1|1
0206150|01|20240508|0112|670508011229|1||||||||1|1
0172023|01|20240508|0112|670508011256|1||||||||1|1
0069642|01|20240508|0723|670508072330|1|Case UTI มาตามนัด ยังมีปัสสาวะแสบขัด|36.6|9.99|9.99|9.99|9.99||2|1
0177786|17|20240508|0742|670508074218|1|ปวดเข่าขวา 2 เดือนก่อนมารพ|36.8|9.99|9.99|9.99|9.99||1|1
0151888|08|20240508|0742|670508074230|1|มาตามนัด|37.0|9.99|9.99|9.99|9.99||2|1
0234072|04|20240508|0800|670508080041|1||แพทย์หญิงโอทนี  สุวรรณมาลี|case Adenomyosis จากคลินิกแพทย์โอทนีนัด F/U ต่อที่รพ.

METS>4 , no chest pain
H&L : WNL
EKG : deep S V1-3, no STT change
CXR : normal

imp; intermediate risk, non cardiac surgery

go on surgery ได้ครับ
Med นัด  3 mo +|36.5|9.99|9.99|9.99|9.99||1|1
0138517|08|20240508|0804|670508080444|1|มาตามนัด|36.7|9.99|9.99|9.99|9.99||2|1
0297910|11|20240508|0808|670508080837|1|ปวดฟันกรามล่างขวามา 1 วัน|36.1|9.99|9.99|9.99|9.99||1|1
0120436|23|20240508|0828|670508082843|1||||||||1|1
0103580|18|20240508|0835|670508083535|1|ปวดเอว 2 ข้าง, อรรถยา|37.0|9.99|9.99|9.99|9.99||1|1
0236771|11|20240508|0837|670508083717|1|มาตามนัด|36.1|9.99|9.99|9.99|9.99||1|1
0181033|11|20240508|0840|670508084019|1|มาตามนัด|36.2|9.99|9.99|9.99|9.99||1|1
0099621|18|20240508|0843|670508084336|1|ปวดหลัง 2 ข้าง, อรสา|37.0|9.99|9.99|9.99|9.99||1|1
0255954|01|20240508|0932|670508093210|1|case HT,Stroke ,Hx.Pneumonia ขาดนัดไม่ขาดยา|36.6|9.99|9.99|9.99|9.99||1|1
0146254|18|20240508|1345|670508134535|1|ข้อพับเข่า ข้างซ้าย|37.0|9.99|9.99|9.99|9.99||1|1
0212281|05|20240508|1718|670508171849|1|case Asthma ,AR มาตามนัด ติดตามอาการ อาการดีขึ้น ไม่หอบเหนื่อย บางวันไอห่างๆ ไม่มีไข้|36.6|9.99|9.99|9.99|9.99||1|1
0110724|11|20240508|1733|670508173310|1|มาตามนัด|36.0|9.99|9.99|9.99|9.99||1|1
0371926|05|20240508|1749|670508174931|1|Case Pnemonia มา F/U ตามนัด อาการดีขึ้น ไม่ไข้ ไม่ไอ หายใจไม่หอบเหนื่อย Sat 98 %|37.4|0.00|0.00|9.99|9.99||2|1
0305935|01|20240509|0217|670509021749|1||||||||1|1
0101407|01|20240509|0218|670509021822|1||||||||1|1
0080049|01|20240509|0222|670509022210|1||||||||1|1
0225459|01|20240509|0222|670509022246|1||||||||1|1
0023881|01|20240509|0223|670509022316|1||||||||1|1
0042795|01|20240509|0716|670509071614|1|Case HT มาตรวจตามนัด|36.9|9.99|9.99|9.99|9.99||2|1
0000498|01|20240509|0718|670509071823|1|Case DM มาตามนัด|36.6|9.99|9.99|9.99|9.99||2|1
0010069|01|20240509|0721|670509072124|1|Case DM HT  มาตามนัด|36.4|9.99|9.99|9.99|9.99||2|1
0331947|11|20240509|0724|670509072430|1|มาตามนัดตัดไหม|36.1|9.99|9.99|9.99|9.99||1|1
0218126|01|20240509|0738|670509073804|1|case HT,COPD ขาดนัดไม่ขาดยา|36.6|9.99|9.99|9.99|9.99||1|1
0091890|02|20240509|0744|670509074457|1|case Bilat RC,BPH มาตรวจตามนัด|36.6|9.99|9.99|9.99|9.99||2|3
0010338|01|20240509|0757|670509075700|1|DM/HT เจาะเลือดมาตามนัดพบแพทย์|36.6|9.99|9.99|9.99|9.99||2|1
0120436|23|20240509|0829|670509082947|1||||||||1|1
0052204|11|20240509|1044|670509104423|1|มาตามนัด|35.9|9.99|9.99|9.99|9.99||1|1
0061412|11|20240509|1320|670509132045|1|มาตามนัด|36.1|9.99|9.99|9.99|9.99||1|1
0216859|11|20240509|1616|670509161630|1|มาอุดฟัน|36.0|9.99|9.99|9.99|9.99||1|1
0210060|11|20240509|1621|670509162112|1|ptมาตรวจฟันเพื่อผ่าฟันคุด|36.0|9.99|9.99|9.99|9.99||1|1
0176304|11|20240509|1625|670509162524|1|ptมาตรวจฟัน|36.0|9.99|9.99|9.99|9.99||1|1
0123735|17|20240509|1658|670509165850|1||||||||1|1
0237576|17|20240509|1714|670509171452|1||||||||1|1
0206150|01|20240510|0120|670510012001|1||||||||1|1
0172023|01|20240510|0120|670510012027|1||||||||1|1
0108133|01|20240510|0705|670510070521|1|case DM,COPD,CHF,AF มาตรวจตามนัด|36.6|9.99|9.99|9.99|9.99||2|1
0217984|01|20240510|0708|670510070808|1|Case DM,Ht,CKDมาตามนัด|36.6|9.99|9.99|9.99|9.99||2|1
0171762|01|20240510|0711|670510071133|1|case DVT Lt.Leg มาตรวจตามนัด|36.6|9.99|9.99|9.99|9.99||2|1
0120436|23|20240510|0839|670510083901|1||||||||1|1
0296186|01|20240510|0854|670510085400|1|Case TB มาตามนัด F/U|36.5|9.99|9.99|9.99|9.99||2|1
0040885|18|20240510|1309|670510130919|1|ปวดขา 2 ข้าง|36.9|9.99|9.99|9.99|9.99||1|1
0012064|18|20240510|1309|670510130933|1|ปวดขา 2 ข้าง|36.9|9.99|9.99|9.99|9.99||1|1
0305935|01|20240511|0144|670511014408|1||||||||1|1
0225459|01|20240511|0149|670511014910|1||||||||1|1
0042650|20|20240511|0832|670511083203|1|เจ็บตา มีขี้ตา  ระคายเคือง  และมาขอรับยา HT  หมดก่อนนัด|36.6|9.99|9.99|9.99|9.99||1|1
0120436|23|20240511|0838|670511083829|1||||||||1|1
0095534|18|20240511|0843|670511084348|1|ปวดบ่า ต้นคอ 2 ข้าง|36.9|9.99|9.99|9.99|9.99||1|1
0259654|17|20240511|0852|670511085226|1||||||||1|1
0057754|20|20240511|0930|670511093058|1|วิงเวียน ศีรษะ  เป็นมา  2 อาทิตย์|36.9|9.99|9.99|9.99|9.99||1|1
0206775|18|20240511|1046|670511104636|1|ปวดขา 2 ข้าง|36.9|9.99|9.99|9.99|9.99||1|1
0237576|17|20240511|1305|670511130502|1||||||||1|1
0064698|17|20240511|1340|670511134009|1||||||||1|1
0040885|17|20240511|1341|670511134152|1||||||||1|1
0220726|02|20240511|1549|670511154918|1|มีแผลเป็นรอยเขี้ยวที่มือด้านขวาเป็นมา 12 ชม|36.5|9.99|9.99|9.99|9.99||1|1
0120436|23|20240512|0822|670512082243|1||||||||1|1
0127933|18|20240512|1258|670512125805|1|ปวดต้นคอ บ่า 2 ข้าง, นาวา|37.0|9.99|9.99|9.99|9.99||1|1
0206150|01|20240513|0602|670513060220|1||||||||1|1
0172023|01|20240513|0602|670513060221|1||||||||1|1
0014890|01|20240513|0717|670513071705|1|Case COPD ,HT,DMมาตามนัด|36.5|9.99|9.99|9.99|9.99||2|1
0161839|09|20240513|0748|670513074850|1|Case Delirium+COPD มาตามนัดฟังผล|36.5|9.99|9.99|9.99|9.99||2|1
0228834|02|20240513|0755|670513075555|1|case CBD stone  s/p  ERCP with stent removal มาตรวจตามนัด|36.6|9.99|9.99|9.99|9.99||2|1
0166022|01|20240513|0756|670513075626|1|Neprotic syndrome ผิดนัดขาดยา  1 ปี|36.6|9.99|9.99|9.99|9.99||1|1
0271630|02|20240513|0802|670513080253|1|ปวดรักแร้ซ้าย 6 เดือน|36.6|9.99|9.99|9.99|9.99||1|1
0193641|08|20240513|0814|670513081454|1|มาตามนัด|36.7|9.99|9.99|9.99|9.99||2|1
0120436|23|20240513|0832|670513083254|1||||||||1|1
0284234|01|20240513|0840|670513084058|1|ไอมีเสมหะปนเลือด1วัน|36.7|9.99|9.99|9.99|9.99||1|1
0005542|08|20240513|0912|670513091230|1|มาตามนัด|36.7|9.99|9.99|9.99|9.99||2|1
0113724|01|20240513|1014|670513101410|1|ไข้ ไอ เจ็บคอ 1วัน|36.8|9.99|9.99|9.99|9.99||1|1
0375140|17|20240513|1033|670513103344|1|ปวดสะโพก 3 วันก่อนมารพ|36.5|9.99|9.99|9.99|9.99||1|1
0003494|01|20240513|1049|670513104937|1|มารับยาตามนัดคลินิกความดันโลหิตสูง รอบเอว80  ซม.ปัญหาจิตสังคม ระดับ 0|36.0|9.99|9.99|9.99|9.99||1|1
0012064|18|20240513|1309|670513130908|1|ปวดเอว 2ข้าง|0.0|9.99|9.99|9.99|9.99||1|1
0040885|18|20240513|1309|670513130947|1|ปวดบ่าต้นคอ 2ข้าง|0.0|9.99|9.99|9.99|9.99||1|1
0253202|08|20240513|1359|670513135913|1|มีแผลที่มือซ้าย 1 วัน|36.6|9.99|9.99|9.99|9.99||1|1
0099621|17|20240513|1453|670513145328|1||||||||1|1
0242831|11|20240513|1548|670513154858|1|ตรวจฟันด้านล่างขวา|36.1|9.99|9.99|9.99|9.99||1|1
0208047|11|20240513|1550|670513155025|1|มาขูดหินปูน|36.0|9.99|9.99|9.99|9.99||1|1
0116917|11|20240513|1556|670513155641|1|หมอแนะนำมาอุดฟัน|36.0|9.99|9.99|9.99|9.99||1|1
0202975|11|20240513|1627|670513162715|1|ฟันกรามล่างซ้ายแตก|36.0|9.99|9.99|9.99|9.99||1|1
0217976|17|20240513|1736|670513173633|1||||||||1|1
0270925|20|20240513|1824|670513182455|1|ไข้ปวดศีรษะ   ไม่ไอไม่อาเจียน  o2sat 98%|37.7|9.99|9.99|9.99|9.99||1|1
0096843|01|20240514|0031|670514003146|1|ไข้เป็นมา 4 ชม.ก่อนมา|37.0|9.99|9.99|9.99|9.99||1|1
0305935|01|20240514|0116|670514011619|1||||||||1|1
0101407|01|20240514|0116|670514011630|1||||||||1|1
0080049|01|20240514|0119|670514011930|1||||||||1|1
0225459|01|20240514|0121|670514012158|1||||||||1|1
0023881|01|20240514|0122|670514012227|1||||||||1|1
0119519|01|20240514|0725|670514072514|1|case DLP มาตามนัด|36.6|9.99|9.99|9.99|9.99||2|1
0049881|01|20240514|0729|670514072924|1|case HBV มาตรวจตามนัด U/S ฟังผล

HBV (AntiHBs- )
-HBV VL : (26/3/67)- 133
-AntiHBc (total):(26/3/67)- pos
-HBeAg :(26/3/67)-neg
-Anti HBe :(26/3/67)-pos
-FIB-4:(26/3/67)-
-aFP :(26/3/67)-3.97
-U/S : IMPRESSIONS: Normal parenchyma 

(14/5/67) E-|36.6|9.99|9.99|9.99|9.99||2|1
0141312|01|20240514|0730|670514073018|1|หลงวๆลืมๆมา14วัน|36.6|9.99|9.99|9.99|9.99||1|3
0052997|01|20240514|0731|670514073126|1|Case ICH HTN มาผิดนัด ไม่ขาดยา

U/D HTN
ICH s/p craniectomy
CT brain (10/66)-Imp. Right temporo parietal lobe hematoma and minimal SAH in right sylvian fissure, marked mass effect.|36.8|9.99|9.99|9.99|9.99||1|1
0195050|01|20240514|0744|670514074415|1|case Stoke+DM+HT มาตามนัด|36.7|9.99|9.99|9.99|9.99||2|1
0285484|07|20240514|0822|670514082200|1|ตามัวทั้ง 2 ข้างเป็นมา 2 ปี|36.5|9.99|9.99|9.99|9.99||1|1
0120436|23|20240514|0856|670514085604|1||||||||1|1
0026020|09|20240514|0905|670514090520|1|รับยาจิตเวช|0.0|9.99|9.99|9.99|9.99||2|1
0093825|01|20240514|1020|670514102050|1|Case Stroke มาตามนัด|36.5|9.99|9.99|9.99|9.99||2|1
0072925|17|20240514|1603|670514160335|1||||||||1|1
0210060|11|20240514|1617|670514161757|1|มาถอนฟัน|36.0|9.99|9.99|9.99|9.99||1|1
0163317|11|20240514|1622|670514162214|1|มาตรวจฟันเพื่อทำฟันปลอม|36.0|9.99|9.99|9.99|9.99||1|1
0220726|23|20240514|1632|670514163203|1||||||||1|1
0102147|11|20240514|1634|670514163400|1|มาตามนัดใส่ครอบฟัน|36.0|9.99|9.99|9.99|9.99||1|1
0219534|11|20240514|1758|670514175820|1|มาตามนัด|35.9|9.99|9.99|9.99|9.99||1|1
0206150|01|20240515|0058|670515005844|1||||||||1|1
0172023|01|20240515|0059|670515005914|1||||||||1|1
0134456|01|20240515|0715|670515071548|1|Case DM,Ht,CKDมาตามนัด|36.6|9.99|9.99|9.99|9.99||2|1
0054105|01|20240515|0716|670515071602|1|case CKD ,BPH มาตรวจตามนัด|36.6|9.99|9.99|9.99|9.99||2|1
0237037|02|20240515|0732|670515073259|1|ปัสสาวะแสบขัด 1สัปดาห์|36.6|9.99|9.99|9.99|9.99||1|1
0205144|01|20240515|0733|670515073342|1|Case DM,HT มาขาดนัดไม่ขาดยา|36.5|9.99|9.99|9.99|9.99||1|1
0079803|02|20240515|0733|670515073343|1|Case abscess  Rt foot  มาตามนัด|36.6|9.99|9.99|9.99|9.99||2|1
0120436|23|20240515|0839|670515083943|1|มาล้างแผลต่อเนื่อง|0.0|0.00|0.00|0.00|0.00||1|1
0217072|11|20240515|0849|670515084904|1|มาตามนัด|36.1|9.99|3.00|9.99|9.99||1|1
0224392|18|20240515|1019|670515101914|1|ปวดแขนข้างซ้าย|37.0|9.99|9.99|9.99|9.99||1|1
0019563|17|20240515|1137|670515113722|1||||||||1|1
0175698|11|20240515|1226|670515122609|1|มาตามนัด|36.2|9.99|9.99|9.99|9.99||1|1
0206775|18|20240515|1308|670515130829|1|ปวดหลัง 2 ข้าง|37.0|9.99|9.99|9.99|9.99||1|1
0254947|01|20240515|1600|670515160055|1|case DLP,HT มาตามนัด|36.7|9.99|9.99|9.99|9.99||2|1
0171409|11|20240515|1623|670515162351|1|มาขูดหินปูน|36.0|9.99|9.99|9.99|9.99||1|1
0231982|01|20240515|1633|670515163318|1|Case HT มาตรวจตามนัด|36.5|9.99|9.99|9.99|9.99||2|1
0269262|01|20240515|1633|670515163348|1|case HT+ Gout มาตามนัด|37.0|9.99|9.99|9.99|9.99||1|1
0259116|17|20240515|1633|670515163356|1||||||||1|1
0022360|04|20240515|1701|670515170152|1|case S/P Colposcope มาตามนัดฟังผล patho|36.9|9.99|9.99|9.99|9.99||2|1
0305935|01|20240516|0057|670516005710|1||||||||1|1
0101407|01|20240516|0057|670516005728|1||||||||1|1
0080049|01|20240516|0059|670516005913|1||||||||1|1
0225459|01|20240516|0059|670516005936|1||||||||1|1
0263584|02|20240516|0328|670516032805|1||||||||1|1
0177806|01|20240516|0715|670516071557|1|Case SLE มาตามนัด|36.5|9.99|9.99|9.99|9.99||2|1
0206027|01|20240516|0716|670516071615|1|Case DLP มาตามนัดเพื่อติดตามอาการ|36.7|9.99|9.99|9.99|9.99||2|1
0060805|01|20240516|0728|670516072824|1|case DM+HT มาตามนัด|36.5|9.99|9.99|9.99|9.99||1|1
0069642|01|20240516|0730|670516073009|1|มารับยา คลินิกเบาหวาน  มาตามแพทย์นัดและรับยาต่อเนื่อง F/U 3เดือน รอบเอว   98   ซม.|36.6|9.99|9.99|9.99|9.99||2|1
0160261|01|20240516|0730|670516073048|1|มารับยาตามนัดคลินิกเบาหวาน DTX= 135 mg รอบเอว 86 ซม.ปัญหาจิตสังคม ระดับ 0|37.0|9.99|9.99|9.99|9.99||1|1
0025101|08|20240516|0808|670516080811|1|มาตามนัด|36.5|9.99|9.99|9.99|9.99||2|1
0025101|01|20240516|0820|670516082049|1|Case Gout c COPD   มาตามนัด|36.9|9.99|9.99|9.99|9.99||2|1
0120436|23|20240516|0824|670516082407|1||||||||1|1
0193641|07|20240516|0834|670516083411|1|Case POAG (BE) มาตามนัด ตามัวลงทั้ง 2 ข้าง ไม่ขาดยา / พว กรรณิกา|36.0|9.99|9.99|9.99|9.99||2|1
0026553|18|20240516|0853|670516085330|1|ปวดขาข้างขวา|37.0|9.99|9.99|9.99|9.99||1|1
0173399|11|20240516|1245|670516124526|1|ptมาตามนัดฟันปลอม|36.3|9.99|9.99|9.99|9.99||1|1
0115396|02|20240516|1310|670516131007|1|case External hemorrhoid มาตามนัด|36.6|9.99|9.99|9.99|9.99||2|1
0080049|01|20240516|1406|670516140648|1||||||||1|1
0202975|11|20240516|1620|670516162018|1||||||||1|1
0161123|11|20240516|1639|670516163924|1|มาติดตามอาการตามนัด|36.3|9.99|9.99|9.99|9.99||1|1
0177786|17|20240516|1755|670516175536|1||||||||1|1
0206150|01|20240517|0105|670517010540|1||||||||1|1
0172023|01|20240517|0106|670517010613|1||||||||1|1
0271630|02|20240517|0728|670517072838|1|case BPH มาตรวจตามนัด|36.6|9.99|9.99|9.99|0.00||2|1
0133085|17|20240517|0735|670517073545|1|มาตามนัด|36.5|9.99|9.99|9.99|9.99||2|1
0027635|01|20240517|0737|670517073713|1|Case DM มาตามนัด|36.5|9.99|9.99|9.99|9.99||2|1
0024948|11|20240517|0737|670517073715|1|มาถอนฟันบนขวา|36.2|9.99|9.99|9.99|9.99||1|1
0164746|06|20240517|0744|670517074431|1|case  com  มาตรวจตามนัด|36.6|9.99|9.99|9.99|9.99||2|1
0044831|11|20240517|0750|670517075019|1|วัสดุอุดฟันกรามน้อยล่างขวาหลุด|36.2|9.99|9.99|9.99|9.99||1|1
0267804|05|20240517|0753|670517075326|1|case DM,Obesity มาติดตามอาการตามนัด ไม่ไข้ ไม่เหนื่อย นน.ไม่ลด|36.6|9.99|9.99|9.99|9.99||2|1
0023881|24|20240517|0811|670517081140|1||||||||1|1
0060912|01|20240517|0813|670517081339|1|case HBV มาตรวจตามนัด
Case HBSAg=positive มาตามนัดพบอายุรแพทย์

HBV (AntiHBs-neg)
-HBV VL : (26/4/67) <10
-AntiHBc (total):(26/4/67) pos
-HBeAg :(26/4/67) neg
-Anti HBe :(26/4/67) 
-FIB-4:(26/4/67) 
-aFP :(26/4/67) 
-U/S :
---------------------|36.8|9.99|9.99|9.99|9.99||2|1
0326055|01|20240517|0817|670517081754|1|ปวดกล้ามเนื้อ เวียนศรีษะ 3วันก่อนมา|36.6|9.99|9.99|9.99|9.99||1|1
0120436|23|20240517|0827|670517082752|1||||||||1|1
0241057|07|20240517|0903|670517090355|1|เปลือกตาบวมข้างซ้าย มา 2 วัน 2 วันก่อนมา ระคายเคือง ซื้อยาหยอดเองจากนั้นเปลือกตาบวมจึงมา รพ./กรรณิกา|36.7|9.99|9.99|9.99|9.99||1|1
0222166|02|20240517|0914|670517091428|1|Case Hernia  s/p Rt hernioplasty 29/4/67 มาตามนัด|36.6|9.99|9.99|9.99|9.99||2|1
0012064|18|20240517|1247|670517124738|1|ปวดหลัง 2 ข้าง|37.0|9.99|9.99|9.99|9.99||1|1
0040885|18|20240517|1248|670517124832|1|ปวดไหล่ 2 ข้าง|37.0|9.99|9.99|9.99|9.99||1|1
0021121|17|20240517|1643|670517164313|1||||||||1|1
0046943|18|20240517|1723|670517172344|1|ปวดบ่า ต้นคอ 2 ข้าง|36.9|9.99|9.99|9.99|9.99||1|1
0305935|01|20240518|0153|670518015331|1||||||||1|1
0225459|01|20240518|0154|670518015415|1||||||||1|1
0023881|01|20240518|0154|670518015440|1||||||||1|1
0220726|23|20240518|0720|670518072040|1||||||||1|1
0120436|23|20240518|0817|670518081726|1|ล้างแผลต่อเนื่อง|0.0|0.00|0.00|0.00|0.00||1|1
0076260|11|20240518|0925|670518092550|1|มาข฿ดหินปูนตามคำแนะนำ|36.0|9.99|9.99|9.99|9.99||1|1
0248773|18|20240518|0930|670518093058|1|ปวดบ่าต้นคอ ข้างซ้าย|0.0|9.99|9.99|9.99|9.99||1|1
0202250|18|20240518|0931|670518093159|1|ปวดบ่าต้นคอ 2ข้าง|0.0|9.99|9.99|9.99|9.99||1|1
0224392|18|20240518|0943|670518094322|1|ปวดบ่าไหล่2ข้าง|0.0|9.99|9.99|9.99|9.99||1|1
0245465|17|20240518|1301|670518130153|1||||||||1|1
0233468|02|20240518|1638|670518163803|1|แผลรแยเขียวขาซ้าย 20 นาที|36.5|9.99|9.99|9.99|9.99||1|1
0120436|23|20240519|0824|670519082430|1||||||||1|1
0202706|18|20240519|0918|670519091825|1|ปวดต้นคอ บ่า 2 ข้าง|37.0|9.99|9.99|9.99|9.99||1|1
0200780|11|20240519|0942|670519094253|1|มาตรวจฟัน|36.1|9.99|9.99|9.99|9.99||1|1
0357920|20|20240519|1302|670519130250|1|ปวดจุกแน่นท้อง  อาเจียน 2ครั้ง ไม่ถ่ายเหลว|37.8|9.99|9.99|9.99|9.99||1|1
0206150|01|20240520|0125|670520012554|1||||||||1|1
0172023|01|20240520|0126|670520012651|1||||||||1|1
0064771|01|20240520|0713|670520071337|1|Case DM,HT มาตามนัด|36.5|9.99|9.99|9.99|9.99||2|1
0111883|01|20240520|0724|670520072433|1|มารับยาตามนัดคลินิกความดันโลหิตสูง รอบเอว  65ซม.ปัญหาจิตสังคม ระดับ 0|37.0|9.99|9.99|9.99|9.99||2|1
0151888|01|20240520|0733|670520073307|1|Case Asthma มาตามนัดติดตามอาการ|36.5|9.99|9.99|9.99|9.99||2|1
0164747|01|20240520|0739|670520073935|1|case HCV มาตามนัดทำ U/S มีนัดฟังผล 24/05/2567|36.6|9.99|9.99|9.99|9.99||2|1
0239652|05|20240520|0752|670520075258|1|Case AR  มาตามนัด อาการดีขึ้น ไม่ไข้ ไม่ไอ คันจมูกจามบางครั้ง Sat 98 %|37.1|9.99|9.99|9.99|9.99||2|1
0200007|07|20240520|0835|670520083522|1|case S/P MSIC LE นาน 1  เดือน มาตามนัด, มองชัดขึ้นไม่ขัดเคือง|36.7|9.99|9.99|9.99|9.99||1|1
0120436|23|20240520|0843|670520084339|1||||||||1|1
0170786|01|20240520|1305|670520130526|1|เหนื่อย หายใจไม่สะดวก 1 ชม|36.5|9.99|9.99|9.99|9.99||1|1
0040885|18|20240520|1346|670520134642|1|ปวดต้นคอ บ่า 2 ข้าง, อรสา|37.0|9.99|9.99|9.99|9.99||1|1
0012064|18|20240520|1347|670520134709|1|ปวดขา 2 ข้าง, นาวา|37.0|9.99|9.99|9.99|9.99||1|1
0123735|17|20240520|1659|670520165901|1||||||||1|1
0046943|18|20240520|1727|670520172753|1|ปวดต้นคอ บ่า 2 ข้าง|37.0|9.99|9.99|9.99|9.99||1|1
0217976|17|20240520|1728|670520172858|1||||||||1|1
0123497|11|20240520|1730|670520173039|1||35.7|9.99|9.99|9.99|9.99||1|1
0236850|20|20240520|1731|670520173124|1|บวม  + ปวด ตาม ตัว เป็นมา 1 อาทิตย์|37.0|9.99|9.99|9.99|9.99||1|1